90 
87 
28 
47 
29 
9 
83 
21 
74 
81 
26 
22 
45 
44 
47 
74 
19 
59 
82 
83 
11 
65 
21 
55 
46 
72 
79 
23 
23 
6 
55 
80 
60 
8 
19 
10 
18 
11 
31 
54 
63 
62 
85 
69 
54 
12 
70 
27 
33 
57 
14 
79 
64 
4 
45 
25 
25 
50 
57 
33 
57 
53 
7 
28 
6 
9 
38 
35 
40 
28 
58 
66 
25 
26 
47 
51 
78 
14 
23 
3 
26 
87 
9 
58 
23 
82 
60 
68 
9 
13 
4 
45 
32 
53 
24 
47 
76 
71 
7 
8 
16 
43 
37 
78 
21 
29 
74 
54 
6 
55 
18 
60 
70 
34 
30 
48 
55 
12 
32 
54 
8 
39 
85 
79 
50 
42 
17 
15 
35 
25 
64 
40 
5 
25 
48 
11 
59 
18 
18 
30 
28 
66 
80 
45 
60 
38 
12 
60 
36 
56 
32 
54 
36 
34 
17 
66 
54 
3 
18 
15 
49 
68 
14 
19 
23 
85 
22 
44 
41 
15 
24 
13 
35 
3 
59 
63 
86 
87 
71 
16 
19 
